55	56	77	46	52	57	44	83	40	50	37	62	22	4	1	8	30	91	66	71	33	98	49	84	18	78	11	92	96	95	36	41	3	5	0	97	38	70	99	86	31	42	25	24	12	89	69	20	15	29	63	47	79	90	39	85	26	9	74	14	7	65	93	72	51	76	28	59	16	73	45	88	82	75	23	6	27	54	60	48	43	58	19	10	53	68	13	64	21	2	67	34	32	35	94	87	61	17	80	81
81	30	77	46	8	6	44	75	40	99	37	55	22	4	1	87	56	98	66	71	33	17	49	84	95	78	11	92	96	18	83	41	3	5	7	97	21	70	31	86	88	42	25	24	89	12	69	20	15	38	63	47	76	90	39	85	94	9	74	34	0	65	93	72	51	23	28	59	19	73	62	14	82	29	50	57	52	54	60	2	43	58	16	10	53	68	13	64	91	48	67	36	32	35	26	27	61	79	80	45
55	92	6	83	52	23	44	75	40	99	29	62	47	70	9	77	56	91	66	71	33	2	59	43	61	78	11	4	96	95	1	41	3	84	7	97	50	42	31	86	34	22	37	25	12	89	39	20	69	74	63	28	79	53	51	85	26	58	49	14	0	65	93	76	15	72	46	45	24	73	81	88	82	19	38	57	21	54	48	98	5	8	16	10	30	68	13	64	90	60	67	36	32	35	94	87	27	17	80	18
38	92	6	83	52	18	44	75	40	99	29	65	47	70	58	77	56	91	11	71	33	2	49	43	61	78	55	4	67	95	1	41	3	84	7	97	50	42	31	86	34	22	37	74	12	89	39	20	69	59	63	28	79	53	25	64	26	9	51	14	0	66	93	72	15	76	46	45	24	73	62	88	82	19	81	57	21	54	48	98	5	8	16	10	30	68	13	85	90	60	96	36	32	35	94	87	27	17	80	23
55	56	6	46	8	18	44	75	40	99	29	62	47	4	9	77	30	98	66	71	33	25	49	43	61	78	11	92	96	95	83	41	3	84	7	2	21	70	31	86	34	26	37	74	12	89	39	20	69	59	63	28	38	90	51	64	22	42	79	14	0	65	93	72	15	76	1	45	24	73	81	88	82	19	50	57	52	54	60	97	5	58	16	10	53	68	13	85	91	48	67	36	32	35	94	87	27	17	80	23
55	56	6	46	52	23	44	10	40	99	37	62	28	4	9	87	30	98	66	71	33	17	74	43	51	78	11	92	96	95	83	41	3	84	7	2	21	70	31	86	34	22	25	24	12	89	39	20	69	59	63	47	38	90	77	85	94	1	49	14	0	65	93	72	15	76	42	45	19	73	81	88	82	29	50	57	27	54	60	97	5	58	16	75	53	68	13	64	91	48	67	36	32	35	26	8	61	79	80	18
55	30	6	43	8	23	44	75	40	99	29	62	28	4	9	77	56	98	66	71	33	17	74	46	61	32	11	42	96	95	83	41	3	84	7	2	21	70	31	86	34	22	37	25	12	89	39	20	69	59	63	47	38	90	51	85	26	1	49	14	0	65	93	72	15	76	92	45	24	73	81	88	82	19	50	57	52	54	48	97	5	58	16	10	53	68	13	64	91	60	67	36	78	35	94	87	27	79	80	18
55	56	6	46	8	23	44	75	40	99	29	62	47	42	9	77	30	98	66	71	33	17	74	43	61	78	11	92	96	95	83	41	3	84	7	2	21	70	31	86	26	22	37	25	12	89	39	20	69	59	63	28	38	91	51	85	34	1	49	14	0	65	93	72	15	76	4	45	24	73	81	88	82	19	50	57	52	54	60	97	5	58	16	10	53	68	13	64	90	48	67	36	32	35	94	87	27	79	80	18
55	30	6	43	52	49	44	75	40	99	37	45	28	70	9	87	56	98	66	71	33	17	18	46	51	78	11	92	84	95	83	41	3	5	7	97	21	4	31	86	34	22	25	24	89	12	39	20	69	38	59	47	23	90	77	85	26	1	74	14	16	65	93	72	15	76	42	63	19	73	81	88	82	29	50	57	27	54	48	2	96	58	0	10	53	68	13	64	91	60	67	36	32	35	94	8	61	79	80	62
55	30	77	43	52	6	44	36	40	50	37	62	28	4	16	1	56	91	95	71	33	98	99	46	66	32	11	92	84	18	8	41	3	5	7	97	82	70	25	86	88	22	49	24	89	12	64	20	15	29	63	47	42	90	39	85	34	9	74	14	0	69	93	72	51	76	23	45	83	73	81	31	38	75	79	57	27	54	60	2	96	58	19	10	53	68	13	61	21	48	67	26	78	35	94	87	65	17	80	59
55	56	6	46	52	23	44	75	40	99	37	62	28	4	9	87	30	98	66	71	33	17	74	43	51	78	11	92	96	95	83	41	3	84	7	97	21	70	31	14	34	22	25	24	12	89	39	20	69	59	63	47	38	90	77	85	94	1	49	86	0	65	93	72	15	76	42	45	19	73	81	88	82	29	50	57	27	54	60	2	5	58	16	10	53	68	13	64	91	48	67	36	32	35	26	8	61	79	80	18
55	92	6	83	52	18	44	75	40	99	29	62	47	70	58	77	56	91	66	71	33	2	59	43	61	78	11	4	67	95	1	41	3	84	7	97	50	5	31	86	34	22	37	25	12	89	39	20	69	74	63	28	79	53	51	64	26	9	49	14	0	65	93	76	15	72	46	45	24	73	81	88	82	19	38	57	21	54	48	98	42	8	16	10	30	68	13	85	90	60	96	36	32	35	94	87	27	17	80	23
55	30	24	46	52	6	44	36	40	50	37	45	28	4	16	1	56	91	95	71	33	98	99	84	66	32	11	92	96	18	8	41	3	5	7	2	82	70	25	86	88	22	49	77	89	12	64	20	15	29	63	47	42	90	39	85	34	9	74	14	0	69	93	72	51	76	23	59	83	73	81	31	38	75	79	57	27	54	60	97	43	58	19	10	53	68	13	61	21	48	67	26	78	35	94	87	65	17	80	62
55	30	6	43	52	18	44	75	40	99	37	45	28	4	1	8	56	98	66	71	33	17	82	46	51	78	11	92	84	95	83	41	3	5	7	97	21	70	31	86	34	22	25	24	12	89	39	20	69	38	63	47	23	90	77	85	26	9	74	14	0	65	93	72	15	76	42	59	19	73	81	88	49	29	50	57	27	54	48	2	96	58	16	10	53	68	13	64	91	60	67	36	32	35	94	87	61	79	80	62
55	56	6	46	52	23	44	75	40	99	37	62	47	70	1	87	30	98	66	71	33	17	74	43	51	78	77	92	84	95	83	41	3	5	7	97	21	4	31	86	34	22	25	24	89	12	39	20	69	59	63	28	38	90	11	85	26	9	49	14	0	65	93	72	15	76	42	45	19	73	81	88	82	29	50	57	27	54	48	2	96	58	16	10	53	68	13	64	91	60	67	36	32	35	94	8	61	79	80	18
55	56	6	46	52	23	44	75	40	99	37	62	28	42	9	87	30	98	66	71	33	17	74	43	51	78	11	92	96	95	83	41	3	84	7	2	21	70	31	86	34	22	25	24	12	89	39	20	69	77	63	47	38	90	59	85	94	1	49	14	0	65	93	72	15	76	4	45	19	73	81	88	82	29	50	57	27	54	60	97	5	58	16	10	53	68	13	64	91	48	67	36	32	35	26	8	61	79	80	18
55	56	6	46	52	23	44	75	40	99	37	62	28	4	9	87	30	98	66	71	33	17	74	43	51	78	11	92	96	95	83	41	3	84	7	2	21	70	31	86	34	22	25	77	12	89	39	20	69	59	63	47	38	90	24	85	94	1	49	14	0	65	93	72	15	76	42	45	19	73	81	88	82	29	50	57	27	54	60	97	5	58	16	10	53	68	13	64	91	48	67	36	32	35	26	8	61	79	80	18
55	92	6	83	52	23	44	75	40	99	29	62	47	70	9	77	56	91	66	71	33	2	74	43	61	12	11	4	96	95	1	41	3	84	7	97	50	42	31	86	26	22	37	25	78	89	39	20	69	59	63	28	79	53	51	85	34	58	49	14	0	65	93	72	15	76	46	45	24	73	81	88	82	19	38	57	21	54	48	98	5	8	16	10	30	68	13	64	90	60	67	36	32	35	94	87	27	17	80	18
55	56	6	46	8	23	44	10	40	99	29	62	47	4	9	77	30	98	66	71	33	17	74	43	61	78	11	92	96	95	83	41	3	84	7	2	21	70	31	86	34	22	37	25	12	89	39	20	69	59	63	28	38	90	51	85	26	1	49	14	0	65	93	72	15	76	42	45	24	73	81	88	82	19	50	57	52	54	48	97	5	58	16	75	53	68	13	64	91	60	67	36	32	35	94	87	27	79	80	18
55	56	82	46	52	18	44	75	40	99	37	45	22	4	1	87	30	98	66	71	33	17	49	84	51	32	11	92	96	95	83	41	3	5	7	97	21	70	31	86	34	42	25	24	89	12	39	20	69	38	63	47	23	90	77	85	94	9	74	14	0	65	15	72	93	76	28	59	19	73	81	88	6	29	50	57	27	54	60	2	43	58	16	10	53	68	13	64	91	48	67	36	78	35	26	8	61	79	80	62
55	56	6	46	8	23	44	75	40	99	29	62	47	4	9	77	30	72	66	71	33	79	49	43	61	78	11	92	96	95	83	41	3	84	7	2	21	70	31	86	34	22	37	74	12	89	39	20	69	59	63	28	38	90	51	85	26	1	25	14	0	65	93	98	15	76	42	45	24	73	81	88	82	19	50	57	52	54	48	97	5	58	16	10	53	68	13	64	91	60	67	36	32	35	94	87	27	17	80	18
55	30	6	43	8	23	44	75	40	99	29	62	47	42	9	77	56	98	66	71	33	17	74	46	61	78	11	92	96	95	83	48	3	84	7	2	21	70	31	86	26	22	37	25	12	89	39	20	69	59	63	28	38	91	51	85	34	1	49	14	0	65	93	72	15	76	4	45	24	73	81	88	82	19	50	57	52	54	60	97	5	58	16	10	53	68	13	64	90	41	67	36	32	35	94	87	27	79	80	18
55	30	24	43	87	6	44	36	40	50	37	45	28	4	1	52	56	91	66	71	33	98	99	46	18	32	11	92	84	95	83	41	3	5	7	97	82	70	25	86	88	22	49	77	89	12	69	20	15	29	63	47	42	90	39	85	34	9	74	14	0	65	93	72	51	76	23	59	16	73	81	31	38	75	79	57	27	54	60	2	96	58	19	10	53	68	13	64	21	48	67	26	78	35	94	8	61	17	80	62
55	92	6	83	52	23	44	75	40	99	29	62	46	70	58	77	56	91	66	71	33	2	57	43	61	78	65	4	96	95	1	41	3	84	7	97	50	42	31	86	34	22	37	74	12	89	39	20	69	59	63	28	79	53	51	85	26	9	25	14	0	11	93	76	15	72	47	45	24	73	81	88	82	19	38	49	21	54	48	98	5	8	16	10	30	68	13	64	90	60	67	36	32	35	94	87	27	17	80	18
55	56	6	46	52	23	44	75	40	99	37	62	47	4	9	87	30	91	66	71	33	17	59	43	51	78	11	92	96	95	83	41	3	84	7	2	21	70	31	86	34	22	25	24	12	89	39	20	27	74	63	28	38	90	77	85	94	1	49	14	0	93	65	72	15	76	42	45	19	73	81	88	82	29	50	57	69	54	48	97	5	58	16	10	53	68	13	64	98	60	67	36	32	35	26	8	61	79	80	18
55	30	24	43	52	57	44	36	40	50	37	45	28	4	16	1	56	91	66	71	33	98	99	46	51	32	11	92	84	95	8	41	3	5	7	97	38	70	25	14	88	22	49	77	89	12	69	20	15	29	63	47	42	90	39	85	26	9	74	86	0	65	93	72	18	76	23	59	83	73	81	31	82	75	79	6	27	54	48	2	96	58	19	10	53	68	13	64	21	60	67	34	78	35	94	87	61	17	80	62
55	56	77	46	52	57	44	36	40	50	37	62	47	4	1	8	30	91	66	71	33	98	99	43	18	78	11	92	96	95	83	41	3	84	7	2	82	70	25	86	31	22	49	24	12	89	69	32	15	29	63	28	79	90	39	85	26	9	74	14	0	65	93	72	51	76	94	59	16	73	81	88	38	75	42	6	27	54	60	97	5	58	19	10	53	68	13	64	21	48	67	34	20	35	23	87	61	17	80	45
55	92	6	83	59	18	44	75	40	99	29	62	47	70	58	77	56	91	66	71	33	2	57	43	61	78	11	4	96	95	1	41	3	84	7	97	50	42	31	86	34	22	37	74	12	89	39	20	69	52	63	28	79	53	51	64	26	9	25	14	0	65	93	38	15	72	46	45	24	73	81	88	82	19	76	49	21	54	48	98	5	8	16	10	30	68	13	85	90	60	67	36	32	35	94	87	27	17	80	23
55	56	6	46	52	23	44	75	40	99	37	62	47	4	9	87	30	98	66	71	33	17	59	43	51	78	11	92	96	95	83	41	91	84	7	2	21	70	31	86	26	22	25	24	53	89	39	20	69	74	63	28	38	90	77	85	34	1	49	14	0	65	93	72	15	76	42	45	19	73	81	88	82	29	50	57	27	54	60	97	5	58	16	10	12	68	13	64	3	48	67	36	32	35	94	8	61	79	80	18
55	30	6	46	52	18	44	75	40	99	37	45	28	4	9	87	56	98	66	71	33	17	49	84	51	78	11	92	96	95	83	41	3	5	7	2	21	70	31	86	34	22	25	24	89	12	39	20	69	38	63	47	23	90	77	85	26	1	79	14	0	65	15	72	93	76	42	59	16	73	81	88	82	29	50	57	27	54	60	97	43	58	19	10	53	68	13	64	91	48	67	36	32	35	94	8	61	74	80	62
55	30	24	46	52	57	44	36	40	50	37	45	28	4	16	1	56	91	66	71	33	98	99	84	51	12	11	92	96	95	8	41	3	5	7	97	38	70	25	14	88	22	49	77	89	32	69	20	15	29	63	47	42	90	39	85	94	9	74	86	0	65	93	72	18	76	23	59	83	73	81	31	82	75	79	6	27	54	60	2	43	58	19	10	53	68	13	64	21	48	67	34	78	35	26	87	61	17	80	62
55	56	6	46	52	23	44	75	40	99	37	62	28	4	9	8	30	98	95	71	33	17	74	43	51	78	11	92	96	66	83	41	3	73	7	97	21	70	31	86	34	22	25	24	12	89	39	20	69	59	63	47	38	90	77	85	26	1	49	14	0	65	93	72	15	76	42	45	19	84	81	88	82	29	50	57	27	54	60	2	5	58	16	10	53	68	13	64	91	48	67	36	32	35	94	87	61	79	80	18
38	92	6	83	49	23	44	75	40	99	31	65	47	70	9	19	56	91	11	71	33	2	59	43	61	78	55	4	96	95	1	41	3	84	7	97	50	42	37	86	34	22	51	25	12	89	21	20	69	74	63	28	79	53	77	64	26	58	52	14	0	66	93	76	15	72	46	45	24	73	62	88	82	29	81	57	39	54	60	98	5	8	16	10	30	68	13	85	90	48	67	36	32	35	94	87	27	17	80	18
55	56	6	46	8	23	44	75	25	99	29	62	47	4	9	77	30	72	66	71	33	79	74	43	61	78	11	92	96	95	83	41	3	84	7	2	21	70	31	86	34	22	37	40	12	89	39	20	69	59	63	28	38	90	51	85	26	1	49	14	0	65	93	98	15	76	42	45	24	73	81	88	82	19	50	57	52	54	48	97	5	58	16	10	53	68	13	64	91	60	67	36	32	35	94	87	27	17	80	18
55	56	6	46	52	23	44	75	40	99	37	62	47	4	9	87	30	98	66	71	33	17	74	43	51	78	11	92	96	95	83	41	3	5	7	97	21	70	31	86	26	22	25	24	89	12	39	20	69	59	63	28	38	90	77	85	34	1	49	14	0	65	93	72	15	76	42	45	19	73	81	88	82	29	50	57	27	54	60	2	84	58	16	10	53	68	13	64	91	48	67	36	32	35	94	8	61	79	80	18
55	56	6	46	52	23	44	75	40	99	37	62	47	4	9	87	30	91	66	71	33	17	59	43	51	78	11	92	96	95	83	79	3	84	7	2	21	70	31	86	34	22	25	24	12	89	39	20	27	74	63	28	38	90	77	85	94	1	41	14	0	65	93	72	15	76	42	45	19	73	81	88	82	29	50	57	69	54	48	97	5	58	16	10	53	68	13	64	98	60	67	36	32	35	26	8	61	49	80	18
55	92	6	83	59	18	44	75	40	99	29	62	47	70	58	77	56	91	66	71	33	2	57	43	61	78	11	4	96	95	1	41	3	84	7	97	50	73	31	86	34	22	37	74	12	89	39	20	69	52	63	28	79	53	51	64	94	9	25	14	0	65	93	38	15	72	46	45	24	42	81	88	82	19	76	49	21	54	48	98	5	8	16	10	30	68	13	85	90	60	67	36	32	35	26	87	27	17	80	23
38	92	6	83	52	18	44	75	40	99	29	50	47	56	58	77	70	91	55	71	33	2	59	43	61	78	11	4	96	95	1	41	3	84	7	97	65	42	31	86	34	22	37	25	12	89	39	20	69	74	63	28	49	53	51	64	94	9	79	14	0	66	93	76	15	72	46	45	24	73	62	88	82	19	81	57	21	54	60	98	5	8	16	10	30	68	13	85	90	48	67	36	32	35	26	87	27	17	80	23
55	56	77	46	52	57	44	36	40	50	37	62	28	4	9	8	30	91	66	71	33	98	24	43	18	78	11	92	96	95	83	41	3	84	7	2	38	70	25	86	31	22	49	99	89	12	69	20	15	29	63	47	42	90	39	85	26	1	74	14	0	65	93	72	51	76	23	45	16	73	81	88	82	75	79	6	27	54	60	97	5	58	19	10	53	68	13	64	21	48	67	34	32	35	94	87	61	17	80	59
55	56	77	46	52	6	44	36	40	24	37	45	22	4	16	1	30	91	95	71	33	98	99	84	66	32	11	42	96	18	8	41	3	5	7	97	38	70	25	86	88	92	49	50	89	12	69	20	15	29	63	47	79	90	39	85	34	9	74	14	0	65	93	72	51	76	28	59	83	73	81	31	82	75	23	57	27	54	60	2	43	58	19	10	53	68	13	64	21	48	67	26	78	35	94	87	61	17	80	62
55	56	82	46	52	77	44	75	40	99	29	62	22	4	1	87	30	98	66	71	33	17	6	84	51	12	11	2	96	95	83	41	3	5	7	92	21	70	31	86	34	42	25	24	89	32	39	20	69	38	63	47	23	90	18	85	94	9	74	14	0	65	93	72	15	76	28	59	19	73	81	88	49	36	50	57	27	54	60	97	43	58	16	10	53	68	13	64	91	48	67	37	78	35	26	8	61	79	80	45
55	30	77	43	52	6	44	36	40	24	37	62	28	4	16	1	56	91	95	71	33	98	99	46	66	78	11	92	84	18	9	41	3	5	7	97	82	70	25	86	88	22	49	50	89	12	64	20	15	29	63	47	42	90	39	85	34	8	74	14	0	69	93	72	51	76	23	45	83	73	81	31	38	75	79	57	27	54	60	2	96	58	19	10	53	68	13	61	21	48	67	26	32	35	94	87	65	17	80	59
55	56	6	46	52	23	44	75	40	99	37	62	28	4	9	87	30	98	66	71	33	17	59	43	51	78	11	92	96	95	83	41	3	84	7	2	21	70	77	86	34	22	25	24	89	12	39	20	69	74	63	47	38	90	31	85	94	1	79	14	0	65	93	72	15	76	42	45	19	73	81	88	82	29	50	57	27	54	60	97	5	58	16	10	53	68	13	64	91	48	67	36	32	35	26	8	61	49	80	18
38	92	40	68	8	6	44	0	99	18	34	20	84	28	58	19	30	91	77	71	48	2	49	43	27	78	69	4	96	95	1	76	90	5	7	85	17	42	50	86	31	23	57	15	12	89	93	81	75	29	59	46	79	56	39	47	94	9	74	14	70	45	66	72	11	98	83	62	24	73	63	88	82	36	37	51	21	65	60	97	55	52	16	10	53	22	13	64	25	41	67	26	32	35	54	87	61	3	80	33
55	30	21	46	52	77	44	75	40	99	29	45	22	4	1	87	56	98	66	71	33	17	49	84	51	12	11	92	96	95	83	41	3	5	7	97	82	70	31	14	34	42	25	24	89	32	69	20	15	38	63	47	23	90	39	85	26	9	74	86	0	65	93	72	18	76	28	59	16	73	81	88	6	36	50	57	27	54	60	2	43	58	19	10	53	68	13	64	91	48	67	37	78	35	94	8	61	79	80	62
55	30	6	43	52	59	44	75	40	99	29	62	47	4	9	87	56	98	66	71	33	17	74	46	51	78	11	72	96	95	83	41	3	84	7	2	21	70	31	86	26	22	37	25	12	89	39	20	69	77	63	28	38	91	23	85	34	1	49	14	0	65	93	92	15	76	42	45	24	73	81	88	82	19	50	57	27	54	48	97	5	58	16	10	53	68	13	64	90	60	67	36	32	35	94	8	61	79	80	18
55	92	6	83	52	23	44	75	40	99	29	62	47	70	58	77	56	91	66	71	33	2	74	43	61	78	11	4	67	95	1	41	3	84	7	97	50	5	31	86	34	22	37	25	12	89	39	20	69	59	63	28	79	53	51	64	26	9	49	14	0	65	93	76	15	72	46	45	24	73	81	88	82	19	38	57	21	54	60	98	42	8	16	10	30	68	13	85	90	48	96	36	32	35	94	87	27	17	80	18
55	30	23	43	8	6	44	75	40	99	29	62	47	70	9	77	56	98	66	71	33	17	74	46	61	12	11	72	96	95	83	41	3	84	7	2	21	4	31	86	34	22	37	25	32	89	39	20	69	59	63	28	38	90	51	85	26	1	49	14	0	65	93	92	15	76	42	45	24	73	81	88	82	19	50	57	52	54	60	97	5	58	16	10	53	68	13	64	91	48	67	36	78	35	94	87	27	79	80	18
55	56	6	67	52	23	44	75	40	99	37	62	28	4	9	87	30	98	66	71	33	17	74	43	51	32	11	92	84	95	83	41	3	5	7	2	21	70	31	86	34	22	25	24	12	89	39	20	69	77	63	47	38	90	59	85	26	1	49	14	0	65	93	72	15	76	42	45	19	73	81	88	82	29	50	57	27	54	48	97	96	58	16	10	53	68	13	64	91	60	46	36	78	35	94	8	61	79	80	18
55	30	82	43	52	77	44	75	40	99	29	45	22	4	1	87	56	98	66	71	33	17	6	46	95	12	11	2	84	18	83	41	3	5	7	72	21	70	31	86	34	42	25	24	89	32	69	20	15	38	63	47	23	90	39	85	26	9	74	14	0	65	93	92	51	76	28	59	16	73	81	88	49	36	50	57	27	54	60	97	96	58	19	10	53	68	13	64	91	48	67	37	78	35	94	8	61	79	80	62
55	30	77	46	52	57	44	36	69	50	37	45	28	4	1	8	56	91	95	71	33	98	99	84	18	12	11	92	96	66	83	41	3	5	7	97	82	70	25	2	31	22	49	24	89	32	40	20	15	29	63	47	42	90	39	85	26	9	74	86	0	65	93	72	51	76	23	59	16	73	81	88	38	75	79	6	27	54	60	14	43	58	19	10	53	68	13	64	21	48	67	34	78	35	94	87	61	17	80	62
55	30	6	43	52	23	44	75	40	99	29	62	47	4	9	87	56	98	66	71	33	17	38	46	51	78	11	92	96	95	83	41	3	84	7	2	21	70	31	86	26	22	37	25	53	89	39	20	69	59	63	28	74	90	77	85	34	1	49	14	0	65	93	72	15	76	42	45	24	73	81	88	82	19	50	57	27	54	60	97	5	58	16	10	12	68	13	64	91	48	67	36	32	35	94	8	61	79	80	18
55	30	6	46	52	23	44	75	40	99	37	62	28	4	1	8	56	98	95	71	33	17	74	43	51	12	39	92	96	66	83	41	3	73	7	97	21	70	31	86	34	22	25	24	89	32	11	20	69	59	63	47	38	90	77	85	26	9	49	14	0	65	93	72	15	76	42	45	19	84	81	88	82	29	50	57	27	54	60	2	5	58	16	10	53	68	13	64	91	48	67	36	78	35	94	87	61	79	80	18
55	30	21	43	52	77	44	19	40	99	29	62	22	4	1	87	56	98	66	71	33	17	49	46	27	12	11	92	84	95	83	41	3	5	7	97	82	70	31	14	34	42	25	24	89	32	69	20	15	38	63	47	23	90	39	85	26	9	74	86	0	65	93	72	51	76	28	45	16	73	81	88	6	36	50	57	18	54	60	2	96	58	75	10	53	68	13	64	91	48	67	37	78	35	94	8	61	79	80	59
55	30	24	43	52	57	44	36	40	50	37	45	28	4	16	1	56	91	95	71	33	98	99	46	66	32	11	92	84	18	8	41	3	5	7	97	82	70	27	14	88	22	49	77	89	12	64	20	15	29	63	47	42	90	39	85	34	9	74	86	0	69	93	72	51	76	23	59	83	73	81	31	38	75	79	6	25	54	48	2	96	58	19	10	53	68	13	61	21	60	67	26	78	35	94	87	65	17	80	62
55	56	6	46	8	23	44	75	40	99	29	62	47	4	9	77	30	72	66	71	33	79	59	43	61	78	11	92	96	95	83	41	3	84	7	2	21	70	31	86	34	22	37	25	12	89	39	20	69	74	63	28	38	90	51	85	26	64	49	14	0	65	93	98	15	76	42	45	24	73	81	88	82	19	50	57	52	54	48	97	5	58	16	10	53	68	13	1	91	60	67	36	32	35	94	87	27	17	80	18
55	30	77	43	52	57	44	36	69	50	37	45	28	4	1	8	56	91	95	71	33	98	99	46	18	12	11	92	84	66	83	41	3	5	7	97	82	70	25	2	64	22	49	24	89	32	40	20	15	29	63	47	42	90	39	85	26	9	74	86	0	65	93	72	51	76	23	59	16	73	81	88	38	75	79	6	27	54	60	14	96	58	19	10	53	68	13	31	21	48	67	34	78	35	94	87	61	17	80	62
55	56	6	70	8	23	44	75	40	99	29	62	47	4	9	77	30	98	66	71	33	79	59	43	61	78	11	92	96	95	83	41	3	84	7	2	21	46	31	86	34	22	37	25	12	89	39	20	69	74	63	28	38	90	51	85	26	42	49	14	0	65	93	72	15	76	1	45	24	73	81	88	82	19	50	57	52	54	48	97	5	58	16	10	53	68	13	64	91	60	67	36	32	35	94	87	27	17	80	18
55	30	24	43	52	57	44	36	40	50	37	45	28	4	16	1	56	91	95	71	33	98	99	46	66	32	11	92	84	18	8	41	3	5	7	97	82	70	27	14	88	22	49	77	89	12	64	20	15	29	63	47	42	90	39	85	34	96	74	86	0	69	93	72	51	76	23	59	83	73	81	31	38	75	79	6	25	54	48	2	9	58	19	10	53	68	13	61	21	60	67	26	78	35	94	87	65	17	80	62
55	56	77	46	52	6	44	36	40	50	37	45	28	4	9	87	30	91	66	71	33	98	99	84	51	32	11	92	96	95	83	41	3	5	7	2	38	70	25	86	14	22	49	24	89	12	69	20	15	57	63	47	42	90	39	85	94	1	74	88	0	65	93	72	18	76	23	59	19	73	81	31	82	75	79	29	27	54	60	97	43	58	16	10	53	68	13	64	21	48	67	34	78	35	26	8	61	17	80	62
81	30	77	43	8	6	44	75	40	99	37	55	22	4	1	87	56	98	66	71	33	17	82	46	95	78	11	92	84	18	83	41	3	5	7	97	21	70	31	86	34	42	25	24	89	12	65	20	15	38	63	47	23	90	39	85	94	9	74	14	0	69	93	72	51	76	28	59	19	73	62	88	49	29	50	57	52	54	60	2	96	58	16	10	53	68	13	64	91	48	67	36	32	35	26	27	61	79	80	45
38	92	23	83	52	6	44	75	40	99	29	62	47	70	58	77	56	91	55	71	33	2	74	43	61	12	11	4	96	95	1	41	3	84	7	97	65	42	31	86	34	22	82	25	32	89	39	20	69	59	63	28	49	53	51	64	26	9	79	14	0	66	93	76	15	72	46	45	24	73	81	88	37	19	50	57	21	54	60	98	5	8	16	10	30	68	13	85	90	48	67	36	78	35	94	87	27	17	80	18
55	56	6	46	52	23	44	75	40	99	37	62	28	4	9	87	30	91	66	71	33	17	74	43	51	78	11	92	96	95	83	41	3	84	7	2	21	70	31	86	34	22	25	24	12	89	39	20	69	59	63	47	38	90	77	85	94	1	49	14	0	65	93	72	15	76	42	45	19	73	81	88	82	36	50	57	27	54	48	97	5	58	16	10	53	68	13	64	98	60	67	29	32	35	26	8	61	79	80	18
55	30	6	46	52	23	44	75	40	99	37	62	28	4	9	8	56	98	95	71	33	17	74	43	51	32	11	92	96	66	83	41	3	73	7	97	21	70	31	86	34	22	25	24	12	89	39	20	69	59	63	47	38	90	77	85	26	1	49	14	0	65	93	72	15	76	42	45	19	84	81	94	82	29	50	57	27	54	60	2	5	58	16	10	53	68	13	64	91	48	67	36	78	35	88	87	61	79	80	18
55	30	82	43	52	77	44	19	40	99	37	62	28	4	13	87	56	98	66	71	33	17	49	46	18	78	11	92	84	95	83	41	3	5	7	97	21	70	31	86	88	22	25	24	12	89	69	20	15	38	63	47	42	90	54	85	26	9	74	34	0	65	93	72	51	76	23	45	16	73	81	14	6	29	50	57	27	39	60	2	96	58	75	10	53	68	1	64	91	48	67	36	32	35	94	8	61	79	80	59
55	56	6	46	8	23	44	75	40	99	29	62	47	70	9	77	30	72	66	71	33	79	49	43	61	78	11	92	96	95	83	41	3	84	7	2	21	4	31	86	34	22	37	74	12	89	39	20	69	59	63	28	38	90	51	85	26	1	25	14	0	65	93	98	15	76	42	45	24	73	81	88	82	19	50	57	52	54	48	97	5	58	16	10	53	68	13	64	91	60	67	36	32	35	94	87	27	17	80	18
55	30	6	43	8	23	44	75	40	99	29	62	47	4	83	77	56	98	66	71	33	25	49	46	61	78	11	92	96	95	9	41	3	84	7	2	21	70	31	86	34	26	37	74	12	89	39	20	69	59	63	28	38	90	51	64	22	42	79	14	0	65	93	72	15	76	1	45	24	73	81	88	82	19	50	57	52	54	48	97	5	58	16	10	53	68	13	85	91	60	67	36	32	35	94	87	27	17	80	18
55	56	6	46	8	23	44	75	40	99	29	62	47	4	83	77	30	91	66	71	33	25	49	43	61	78	11	92	96	95	9	2	3	84	7	41	21	70	31	86	34	26	37	74	12	89	39	20	69	59	63	28	38	90	51	85	22	42	79	14	0	65	93	72	15	76	1	45	24	73	81	88	82	19	50	57	52	54	48	97	5	58	16	10	53	68	13	64	98	60	67	36	32	35	94	87	27	17	80	18
55	92	86	83	52	23	44	75	40	99	29	62	47	70	9	77	56	91	66	71	33	2	59	43	61	78	11	4	96	95	1	41	3	84	7	97	50	5	31	6	34	22	37	25	12	89	39	20	69	74	63	28	79	53	51	85	26	58	49	14	0	65	93	76	15	72	46	45	24	73	81	88	82	19	38	57	21	54	48	98	42	8	16	10	30	68	13	64	90	60	67	36	32	35	94	87	27	17	80	18
55	30	6	43	52	23	44	75	40	99	37	62	22	4	9	87	56	98	66	71	33	17	74	46	51	78	11	92	84	95	83	41	3	5	7	2	21	70	69	86	26	42	25	24	89	12	39	20	31	59	63	47	38	90	77	85	34	1	49	14	0	65	93	72	15	76	28	45	19	73	81	88	82	29	50	57	27	54	60	97	96	58	16	10	53	68	13	64	91	48	67	36	32	35	94	8	61	79	80	18
55	92	6	83	52	18	44	75	40	99	29	62	47	70	58	77	56	91	66	71	33	2	49	43	61	78	11	4	96	95	1	41	3	84	7	97	50	5	31	86	34	22	37	74	12	89	39	20	69	59	63	28	79	53	45	64	26	9	25	14	0	65	93	38	15	72	46	51	24	73	81	88	82	19	76	57	21	54	60	98	42	8	16	10	30	68	13	85	90	48	67	36	32	35	94	87	27	17	80	23
55	30	6	43	52	49	44	75	40	99	37	45	47	70	9	87	56	98	66	71	33	17	18	46	51	78	11	28	84	95	83	41	3	5	7	2	21	4	31	86	34	22	25	24	89	12	39	20	69	38	63	92	23	90	77	85	26	1	74	14	0	65	93	72	15	76	42	59	19	73	81	88	82	29	50	57	27	54	48	97	96	58	16	10	53	68	13	64	91	60	67	36	32	35	94	8	61	79	80	62
55	56	77	46	52	6	44	36	40	24	37	45	28	4	16	1	30	91	95	71	33	98	99	84	66	32	11	92	96	18	9	41	3	5	7	97	82	70	25	86	88	22	49	50	12	89	69	20	15	29	63	47	42	90	39	85	34	8	74	14	0	65	93	72	51	76	23	59	83	73	81	31	38	75	79	57	27	54	60	2	43	58	19	10	53	68	13	64	21	48	67	26	78	35	94	87	61	17	80	62
55	30	77	43	52	59	44	36	40	50	37	45	22	4	16	1	56	98	95	71	33	17	49	46	66	78	11	92	84	18	8	41	3	5	7	2	21	70	99	86	88	42	25	24	12	89	64	20	15	29	63	47	38	90	39	85	34	9	74	14	0	69	93	72	51	76	28	57	83	73	81	31	82	75	23	6	27	54	48	97	96	58	19	10	53	68	13	61	91	60	67	26	32	35	94	87	65	79	80	62
55	30	77	43	52	57	44	83	40	50	64	62	28	4	9	8	56	91	66	71	33	98	49	46	18	32	11	42	96	95	36	41	3	84	7	97	38	70	99	86	31	22	25	24	12	89	39	20	69	29	63	47	79	90	51	85	26	1	74	14	0	65	93	72	15	76	92	59	16	73	45	88	82	75	23	6	27	54	60	48	5	58	19	10	53	68	13	37	21	2	67	34	78	35	94	87	61	17	80	81
38	92	6	83	52	23	44	75	40	99	29	65	47	70	58	77	56	91	11	71	33	2	49	43	61	78	55	4	96	16	1	41	3	84	7	97	50	5	31	86	34	22	37	74	12	89	21	20	69	59	63	28	79	53	45	64	26	9	25	14	0	66	93	76	15	72	46	51	24	73	62	88	82	19	81	57	39	54	60	98	42	8	95	10	30	68	13	85	90	48	67	36	32	35	94	87	27	17	80	18
55	30	77	43	52	57	44	83	40	50	37	45	47	4	9	87	56	91	66	71	33	98	49	46	18	78	11	92	84	95	36	41	3	5	7	97	38	70	99	86	31	22	25	24	89	12	69	20	15	29	63	28	79	90	39	85	26	1	74	14	0	61	93	72	51	76	42	59	16	73	81	88	82	75	23	6	27	54	60	2	96	58	19	10	53	68	13	64	21	48	67	34	32	35	94	8	65	17	80	62
55	56	6	46	8	23	44	75	40	99	29	62	47	4	9	77	30	98	66	71	33	79	74	43	61	78	11	92	96	95	83	41	17	84	7	2	21	70	31	86	34	22	37	49	12	89	39	20	69	59	63	28	38	90	51	85	26	42	25	14	0	65	93	72	15	76	1	45	24	73	81	88	82	19	3	57	52	54	60	97	5	58	16	10	53	68	13	64	91	48	67	36	32	35	94	87	27	50	80	18
38	92	6	83	52	23	44	75	40	99	29	65	47	72	58	77	56	91	11	71	33	2	49	43	61	78	55	4	96	95	1	41	3	84	7	97	50	42	31	86	34	22	37	74	12	89	39	20	69	59	63	28	79	53	25	64	26	9	51	14	0	66	93	70	15	76	46	45	24	73	62	88	82	19	81	57	21	54	60	98	5	8	16	10	30	68	13	85	90	48	67	36	32	35	94	87	27	17	80	18
55	30	77	43	52	6	44	36	40	24	37	45	28	4	16	1	56	91	95	71	33	98	99	46	66	78	11	92	84	51	9	41	3	5	7	97	82	70	25	86	88	22	49	50	89	12	64	20	15	29	63	47	42	90	39	85	34	8	74	14	0	69	93	72	18	76	23	59	83	73	81	31	38	75	79	57	27	54	60	2	96	58	19	10	53	68	13	61	21	48	67	26	32	35	94	87	65	17	80	62
55	30	82	43	52	77	44	75	40	99	29	62	22	4	1	87	56	98	66	71	33	17	6	46	95	12	11	2	84	18	83	41	3	5	7	72	21	70	31	86	34	42	25	24	89	32	69	20	15	57	63	47	23	90	39	85	26	9	74	14	0	65	93	92	51	76	28	45	16	73	81	88	49	36	50	38	27	54	60	97	96	58	19	10	53	68	13	64	91	48	67	37	78	35	94	8	61	79	80	59
55	30	77	46	27	57	44	36	40	50	37	45	22	4	9	87	56	91	66	71	33	98	99	84	95	12	11	92	96	18	83	41	3	5	61	2	38	70	25	86	88	42	49	24	89	32	69	20	15	29	63	47	23	90	39	85	94	1	74	14	0	65	93	72	51	76	28	59	16	73	81	31	82	75	79	6	52	54	60	97	43	58	19	10	53	68	13	64	21	48	67	34	78	35	26	8	7	17	80	62
55	30	24	43	52	57	44	36	40	50	37	45	28	4	16	1	56	91	66	71	33	98	99	46	51	32	11	92	84	95	8	41	3	5	7	97	38	47	25	14	88	22	49	77	89	12	64	20	15	29	63	70	42	90	39	85	34	96	74	86	0	69	93	72	18	76	23	59	83	73	81	31	82	75	79	6	27	54	60	2	9	58	19	10	53	68	13	61	21	48	67	26	78	35	94	87	65	17	80	62
55	28	6	83	52	23	44	75	40	99	29	62	47	70	9	77	56	91	66	71	33	2	59	43	61	78	11	4	96	95	1	41	3	84	7	97	50	5	31	86	34	22	37	25	12	89	39	20	69	74	63	92	79	53	51	85	26	58	49	14	0	65	93	76	15	72	46	45	24	73	81	88	82	19	38	57	21	54	48	98	42	8	16	10	30	68	13	64	90	60	67	36	32	35	94	87	27	17	80	18
55	30	77	43	52	6	44	36	40	50	37	62	47	4	1	8	56	91	66	71	33	98	99	46	18	32	11	92	96	95	83	41	3	84	7	2	82	70	25	86	88	22	49	24	89	12	69	20	15	29	63	28	79	90	39	85	26	9	31	14	0	65	93	72	51	76	23	59	16	73	81	74	38	75	42	57	27	54	60	97	5	58	19	10	53	68	13	64	21	48	67	34	78	35	94	87	61	17	80	45
55	56	77	46	52	57	44	36	69	50	37	45	28	4	1	87	30	91	95	71	33	98	99	43	18	12	11	92	96	66	83	41	3	84	7	2	82	70	25	86	31	22	49	24	89	32	40	20	15	38	63	47	42	90	39	85	26	9	74	14	0	65	93	72	51	76	23	59	16	73	81	88	29	75	79	6	27	54	60	97	5	58	19	10	53	68	13	64	21	48	67	34	78	35	94	8	61	17	80	62
55	30	6	43	52	18	44	75	40	99	37	45	28	4	1	8	56	98	66	71	33	17	82	46	51	78	11	92	84	95	83	41	3	5	7	2	21	70	31	86	34	22	25	24	12	89	39	20	69	38	63	47	23	90	77	85	26	9	74	14	0	65	93	72	15	76	42	59	19	73	81	88	49	29	50	57	27	54	60	97	96	58	16	10	53	68	13	64	91	48	67	36	32	35	94	87	61	79	80	62
55	30	6	43	52	59	44	75	40	99	37	62	92	4	9	87	56	98	66	71	33	17	74	46	51	78	11	72	96	95	83	41	3	73	7	97	21	70	31	86	26	22	25	24	12	89	39	20	69	77	63	47	38	90	23	85	34	1	49	14	0	65	93	28	15	76	42	45	19	84	81	88	82	29	50	57	27	54	48	2	5	58	16	10	53	68	13	64	91	60	67	36	32	35	94	8	61	79	80	18
55	30	6	43	8	23	44	19	40	99	29	62	47	42	9	77	56	98	66	71	33	17	74	46	61	78	11	92	96	95	83	41	3	84	7	2	21	70	31	86	26	22	37	25	12	89	39	20	69	59	63	28	38	91	51	85	34	1	49	14	0	65	93	72	15	76	4	45	24	73	81	88	82	75	50	57	52	54	60	97	5	58	16	10	53	68	13	64	90	48	67	36	32	35	94	87	27	79	80	18
55	4	82	43	52	18	44	75	40	99	37	45	28	30	1	8	56	98	66	71	33	17	74	46	51	12	11	92	84	95	83	41	3	5	7	97	21	70	31	86	34	22	25	24	89	32	39	20	69	38	63	47	23	90	77	85	26	9	49	14	0	65	93	72	15	76	42	59	19	73	81	88	6	29	50	57	27	54	48	2	96	58	16	10	53	68	13	64	91	60	67	36	78	35	94	87	61	79	80	62
55	30	82	43	52	77	44	75	40	99	29	45	47	4	9	87	56	98	66	71	33	17	6	46	95	12	11	72	84	18	83	41	3	5	7	2	21	70	65	86	34	22	37	25	89	32	39	20	69	38	63	28	23	90	51	85	26	1	74	14	0	31	93	92	15	76	42	59	24	73	81	88	49	19	50	57	27	54	60	97	96	58	16	10	53	68	13	64	91	48	67	36	78	35	94	8	61	79	80	62
55	56	6	46	8	23	44	75	40	99	29	62	47	70	9	77	30	72	66	71	33	79	74	43	61	78	11	4	96	95	83	41	3	84	7	2	21	92	31	86	34	22	37	25	12	89	39	20	69	59	63	28	38	90	51	85	26	1	49	14	0	65	93	98	15	76	42	45	24	73	81	88	82	19	50	57	52	54	60	97	5	58	16	10	53	68	13	64	91	48	67	36	32	35	94	87	27	17	80	18
55	30	77	46	52	6	44	36	40	50	37	45	28	4	16	1	56	91	95	71	33	98	99	84	66	32	11	92	96	18	8	41	3	5	7	2	82	70	25	86	88	22	49	24	89	12	64	20	15	29	63	47	42	90	39	26	34	9	74	14	0	69	93	72	51	76	23	59	83	73	81	31	38	75	79	57	27	54	60	97	43	58	19	10	53	68	13	61	21	48	67	85	78	35	94	87	65	17	80	62
55	30	6	46	52	77	44	75	40	99	37	45	22	4	1	87	56	98	66	71	33	17	49	84	51	12	11	92	96	95	83	41	3	5	7	97	21	70	31	86	34	42	74	24	89	32	69	20	15	38	63	47	23	90	39	85	26	9	25	14	0	65	93	72	18	76	28	59	16	73	81	88	82	29	50	57	27	54	48	2	43	58	19	10	53	68	13	64	91	60	67	36	78	35	94	8	61	79	80	62
55	30	77	43	52	57	44	36	69	50	37	45	28	4	1	87	56	91	95	71	33	98	99	46	51	12	11	92	84	66	83	41	3	5	7	97	82	70	25	14	31	22	49	24	89	32	40	20	15	38	63	47	42	90	39	85	26	9	74	86	0	65	93	21	18	76	23	59	16	73	81	88	29	75	79	6	27	54	48	2	96	58	19	10	53	68	13	64	72	60	67	34	78	35	94	8	61	17	80	62
55	56	6	46	52	23	44	75	40	99	37	62	47	42	9	87	30	91	66	71	33	17	74	43	51	78	11	92	96	95	83	41	3	84	7	2	21	70	31	86	34	22	25	24	12	89	39	20	27	59	63	28	38	90	77	85	94	1	49	14	0	65	93	72	15	76	4	45	19	73	81	88	82	29	50	57	69	54	48	97	5	58	16	10	53	68	13	64	98	60	67	26	32	35	36	8	61	79	80	18
55	56	6	46	8	23	44	75	40	99	29	62	47	4	9	77	30	98	66	71	33	79	74	43	61	78	11	92	96	95	83	41	3	84	7	2	21	70	31	86	34	22	37	25	12	89	39	20	69	59	63	28	38	90	51	85	26	1	49	14	0	65	93	72	15	76	42	45	24	73	81	88	57	19	50	82	52	54	48	97	5	58	16	10	53	68	13	64	91	60	67	36	32	35	94	87	27	17	80	18
55	30	77	43	52	6	44	36	40	37	50	45	28	4	9	8	56	91	66	71	33	98	99	46	51	32	11	92	84	95	83	41	3	5	7	2	38	70	25	86	14	22	49	24	89	12	69	20	15	57	63	47	42	90	39	85	26	1	74	88	0	65	93	72	18	76	23	59	19	73	81	31	82	75	79	29	27	54	60	97	96	58	16	10	53	68	13	64	21	48	67	34	78	35	94	87	61	17	80	62
55	56	6	46	52	23	30	75	40	49	37	62	28	4	9	87	44	91	66	71	33	17	99	43	51	78	11	92	96	95	1	41	3	84	7	2	21	70	31	86	34	22	25	24	12	89	39	20	69	59	63	47	38	90	77	85	26	83	74	14	0	65	93	72	15	76	42	45	19	73	81	88	82	36	50	57	27	54	60	97	5	58	16	10	53	68	13	64	98	48	67	29	32	35	94	8	61	79	80	18
55	30	6	43	52	57	44	75	40	99	37	62	28	4	9	87	56	98	66	71	33	17	74	46	51	32	11	92	96	95	83	41	3	5	7	2	21	70	31	86	26	22	25	24	89	12	39	20	69	59	63	47	38	90	77	85	34	1	49	14	0	65	93	72	15	76	42	45	19	73	81	88	82	29	50	23	27	54	60	97	84	58	16	10	53	68	13	64	91	48	67	36	78	35	94	8	61	79	80	18
55	30	6	43	52	23	44	75	40	99	37	62	28	4	9	87	56	98	66	71	33	17	74	46	51	32	11	92	96	95	83	41	3	84	7	97	21	70	31	14	34	22	25	77	12	89	39	20	69	59	63	47	38	90	24	1	94	85	49	86	0	65	93	72	15	76	42	45	19	73	81	88	82	29	50	57	27	54	48	2	5	58	16	10	53	68	13	64	91	60	67	36	78	35	26	8	61	79	80	18
55	30	77	43	52	57	44	36	40	50	37	45	22	4	1	8	56	91	95	71	33	98	99	46	18	12	11	92	84	66	83	41	3	5	7	97	82	70	25	14	64	42	49	24	89	32	69	20	15	29	63	47	23	90	39	85	26	9	74	86	0	65	51	72	93	76	28	59	16	73	81	88	38	75	79	6	27	54	60	2	96	58	19	10	53	68	13	31	21	48	67	34	78	35	94	87	61	17	80	62
55	92	6	83	59	18	44	75	40	99	29	62	47	70	58	77	56	91	66	71	33	79	57	43	61	78	11	4	96	95	1	41	3	84	7	2	50	73	31	86	34	22	37	74	12	89	39	20	69	52	63	28	38	53	51	85	94	9	25	14	0	65	93	98	15	72	46	45	24	42	81	88	82	19	48	49	21	54	76	97	5	8	16	10	30	68	13	64	90	60	67	36	32	35	26	87	27	17	80	23
